0,440
0,439
0,438
0,437
0,436
0,435
0,410
91,52
91,51
91,50
91,49
91,48
91,47
91,46
91,45
91,44
91,43
91,42
91,41
91,40
91,39
91,38
91,37
91,36
91,35
0,429
10,314
10,86
10,148
10,146
10,192
10,260
10,186
10,2
10,3
11,10
11,14
11,7
9,7
9,4
9,1
9,6
9,2
9,3
8,12
8,8
8,17
8,16
85,4
85,3
85,2
85,1
85,0
64,4
64,3
64,2
64,1
64,0
52,5
52,4
52,3
52,2
52,1
52,0
51,4
51,3
51,2
51,1
51,0
50,3
50,2
50,1
50,0
49,3
49,2
49,1
49,0
47,3
47,1
46,4
46,3
46,1
45,3
45,1
44,3
44,1
43,4
43,3
43,1
20,3
20,2
20,1
19,3
19,2
19,1
12,3
12,2
18,1
12,1
18,3
11,30
11,29
11,28
14,1
11,26
14,3
11,23
13,1
11,22
13,3
